68798257
18461982
78288407
93092871
48393530
29725738
97353860
31083233
88586210
47040787
73865173
28555708
71720802
35081094
51201546
78581759
66591146
62253138
2551120
243164
85311517
30484150
26393883
31570944
42941778
2587539
8989458
72302115
30628245
8548285
80019444
97158948
83035060
70994732
90693627
21149012
17893949
35010807
89372141
80291225
32155469
46613093
81969681
72742546
49131987
4887826
7579861
18147324
63374755
33854588
46162596
17572281
772285
63735165
40929254
92407947
44043753
62650233
88564092
69131077
8314213
34891917
60589364
77718505
14229341
11420344
75434848
35182761
70047674
58589488
43771180
78836107
18869123
8196767
86179247
79540758
4484615
53956865
1313718
91533895
81093771
95790565
93955403
49433646
28799638
89713258
64141545
92719248
65749010
70210059
90909005
24694356
53691933
44329765
91281606
49880071
73920191
87689680
13817291
23484614
38545939
96689168
88424548
74988097
13487170
49254303
6521758
2374325
41092184
97157202
39361743
88859389
48589783
44575362
64190010
17492247
87250010
30446764
50514471
28246139
60185126
29733375
18614312
66348184
32683325
60814563
72633656
36487907
21830238
39252400
25878082
74627026
54355353
36289232
6802706
35851454
34578331
54742507
28046756
20250998
75467186
85411133
60076055
37824934
80210016
9645942
30295533
33536966
28405266
90029685
29644805
8033972
71984849
26224259
19592974
39328785
97700667
26980169
68203104
26895759
60940754
81827644
98776035
53991906
49725049
6250700
45124389
79425094
46696770
87090171
64099865
21775439
37855529
50939239
51414980
84879812
96223136
24232679
23847756
24976755
26471197
93098441
24391278
69014725
72249632
16325842
11199665
18167611
92642475
13011583
77787864
84926436
41989022
93095585
96149760
17143235
20210992
90744131
17273820
75014308
74342779
72409077
57629218
98358306
36305012
64071707
71228150
4250697
9700307
74996369
67936434
43321395
43818600
22709076
99560266
95241361
54122618
37491915
41461648
66239388
77884925
56054200
31230153
68446293
10780404
46315457
60854177
82508757
93530368
14321330
19545375
60341873
13100035
75936077
29460663
27525208
77151165
94175912
68893484
42612789
13221278
14199411
91481464
57585555
62546877
22179536
76084973
79207662
63341136
76808251
86113371
69221223
4626495
62747268
97606681
38640452
64589302
10150174
15208828
76035242
65443104
36688047
20266748
85736695
86723485
95368112
54735928
79512968
63057485
57266940
7354052
47296289
95246297
54685585
20888499
50230872
98866336
42310006
37395850
3248384
25867512
191090
81708040
80960371
86619216
30421882
19919598
92398300
78016084
97820690
95565315
3673307
7779577
62537315
63008397
30670343
10957835
31907687
94620272
5111473
67613324
76515584
99985935
5407872
37579818
18205284
18191601
46881683
74692512
43324054
48255558
7352533
19949135
78988489
80814679
22043509
10099498
9516419
75919534
95851158
38315536
98467093
34877228
21764334
24032302
11910965
69659753
37153590
54532811
40219958
61129695
25441277
86095121
26216047
37005834
70641640
70232366
12655767
67100877
51811127
24592885
13774055
19292961
70834032
38711590
33269158
48802558
16743938
3090028
34299835
6858979
25645250
44398441
29684806
44302824
71420612
11841491
9989292
71081806
57175909
36573550
39038709
96586176
44632100
67422346
46821562
21054977
43385048
87229661
99281773
54724982
45082282
36058089
69369187
82614979
85477114
65048894
79468827
69060892
70290995
67858726
5199890
17999525
17091615
6098721
62313221
7878475
35216772
94615658
37877067
49682451
7844862
84902029
58590417
70637908
4367829
85393280
35624218
22390827
18768446
52166506
87181203
51406784
59067681
31958707
94427896
92536763
62206381
30887008
59056103
71038284
758289
6889675
61241946
26934636
58015591
84911273
34377398
10698153
8466887
32516054
21644903
41240837
34705136
10000503
11991867
93583684
2473987
49219015
68450488
10676144
6869821
69438312
97866103
37420590
33704279
48273699
73897832
79262300
50936650
98258011
60130276
81726436
42695240
11514213
39715633
69651625
65370452
37767288
88802770
53720560
10071179
17331908
22145902
37903722
48207009
81587811
45928347
82427914
58662282
32616570
68185132
30345210
57851855
16084455
73486594
95447437
15058578
96899123
73587845
53814348
24676851
40637598
85127551
27085944
54106686
35200448
30775373
6832410
19204915
61697513
2310052
15936267
28012308
15557775
93381475
69577601
711866
74766208
50806227
42584897
7106475
39768196
74052379
34411867
33134192
68405063
51568842
4640083
6559131
66426901
17182210
2258324
86778042
60986459
39245644
8624498
75981230
29631268
53589642
35866817
86402294
83172524
15720491
60617528
89345197
43378272
12054821
11810173
65635103
37803364
26795448
69703400
85861740
97458799
50705776
73607886
97211587
25771076
92859244
90342657
37773960
88246643
50432049
56291731
87535611
53814374
91097038
93596306
6617696
12095836
732087
89559423
26868153
55302912
36488878
89739213
97947600
19273787
90550551
98063140
31170839
61863036
88564615
28848616
36764642
54418842
93712873
31821326
10177691
96557208
62412399
19663725
71682336
7841223
48246505
37667433
87225956
85519354
42451787
23242736
81299281
8747763
79782101
95870531
83936655
21638230
61675976
92341245
58387421
51073493
7986393
93760324
95039494
57555446
89248198
68041120
98121543
74817702
15254346
79907004
32108628
65231477
51688675
53915859
3374113
60326833
32656017
29247056
50240263
48718904
2666256
27313009
6107404
45206522
8328983
32307763
28715920
69054931
64824418
45013860
29502083
56331146
86515174
86245542
2468006
69879465
8751799
24801239
60869531
7315726
2334755
15124988
39542156
90841724
59143774
90555092
51947093
7935257
26668444
82991300
68007647
13198969
30355588
73754889
62062902
62561023
11572388
55726309
79399231
93921288
17886120
47488231
50986639
55930700
25808185
63890074
7436687
49070050
73473318
73111755
98706289
67563314
3270353
27950446
28434523
34885582
58879012
18103609
70791461
62402721
78937135
43856212
59237811
38540701
50878838
80440105
94261649
68365858
13796517
17407286
63659301
34950092
71807683
77101010
89616085
2735506
39568174
82970222
85407574
33475921
82361573
88872887
10610861
9814723
8548635
46292426
67554071
52473235
85802887
6486093
24409601
11397293
10343406
44005998
64758334
29994209
20638634
18166914
18316073
45539991
63796372
5055342
24050625
48181093
14656186
56637891
62517239
69860478
37849446
45820137
95117375
886032
52111037
36553414
74521593
50166917
98729477
92967184
59982341
61865816
25768902
26368145
63124683
61149495
94339364
9025745
4966845
39045412
72653043
26345703
96850336
396680
56134563
55834958
5923548
59387527
32992315
68574385
13966165
56942005
42338849
52769630
36866416
8952710
78484892
46436037
28885386
44906504
7182908
68217286
49328408
25123918
37978478
30959024
65019147
33356285
11652482
57906872
20270029
26707570
28007575
55210757
94725101
98820918
19977098
7248084
54090223
57502045
73473215
62655694
29428257
8556588
29856517
95418503
62428446
95092728
38337436
3649369
18845709
52243607
74094651
97312153
62257991
67549233
9847817
12231153
73293367
68705030
90250535
62004806
60769597
69040135
3524217
99588499
94601846
13865678
76838145
19350217
3074809
71028130
84384563
83142883
43650512
65670846
74802195
56350045
56311781
49736784
75931545
58733885
15356342
83069881
39989153
88549298
89164944
88016322
94603686
87695678
44533764
38526930
38590685
44273061
92079250
72544999
13924269
40652573
4683405
3464697
7360459
14432395
17645437
39815962
35643567
41293112
30422688
26724043
32048380
28748958
96665664
99306445
19099821
73043791
89032927
78552319
262626
25322303
16081888
79822781
34388501
8140528
73520729
13460399
85674213
69272442
88440083
55313963
32547806
74586539
47545053
96773379
80296720
52057900
65406480
74003781
83862075
75467699
77755280
85046095
49049259
86114849
97893887
30333699
95314229
91017462
48573015
28489377
57538797
54449754
84118323
34860352
15875432
17551519
62950906
95732636
71228966
7755020
59983769
97621867
52833682
50694476
4406818
40166933
25175028
98209183
62571041
31572890
92192751
84073699
84830541
77741107
50007350
47537791
53886613
90961628
17653129
90309091
27091956
89594989
19966352
26809303
74123725
46181599
18027281
20568097
99968495
44004775
2757186
61717420
79701051
23915324
14305304
95185719
51953347
65183745
77998745
38762732
39652685
64307934
33874617
92743967
4499275
69528674
53900259
63578746
85001653
56899701
40528593
85799558
2795188
22547492
64420615
65255984
32349118
89771707
4815452
43767105
41551799
86736666
22287946
77538408
20052314
4651870
3910010
9715461
79738577
60284505
67695726
45053136
89080
76692366
62797840
32323340
99255303
90537819
48814999
17306749
7456956
49576515
22204051
83559250
25445382
22038400
62666585
45170179
69099298
79861572
5126686
18484654
13911810
81669630
84299465
96329551
54296870
62970670
61557580
29707538
6937310
27306276
71074475
92566162
48717978
28828341
30454192
41475918
98103498
41172666
5214470
80949245
57694412
12742460
62018648
68332151
64537477
74980565
66078354
77155462
74960189
62785086
52209792
33870210
82832861
66810514
82625321
51403992
49817895
43741030
6622098
39552174
9168020
87976329
47289513
83830757
60940344
38897883
6553517
84323206
8096702
34040424
89816970
91499334
1954243
36708419
88718742
40047673
57233159
35496135
74045134
29769841
18739822
49478488
37606448
33902303
90220310
91751400
26308645
97003938
97605617
23758584
80113125
97165094
22667664
14012274
25343634
6906522
23047372
48776132
7812298
68170063
61488724
38754500
39703442
12737156
31640328
35004932
7148725
57280232
35634884
45787142
35311368
36881621
90322299
26302264
57267856
5718479
6218713
53365445
8997100
3538246
84691250
55583636
55331456
32288806
8204315
68055040
48576189
16160971
87566974
10679135
55733093
21828630
90121409
20197096
2187916
47140605
75432268
88647127
38641033
98478669
58141632
47880910
21855829
92091314
81716528
70375484
32520619
73440217
390485
71157325
43346898
73371875
85822531
91807191
61569921
37778172
90992609
52482573
10302391
16467480
91001601
56008963
55578895
44338634
18193365
54778723
61335458
99385409
18949895
81568600
81465018
41784430
79244357
72644303
50916694
66085385
8725311
35973812
94533216
33557192
81557699
11914611
15437609
93600698
13217714
63108392
46980145
7798138
66029222
44384210
6170226
40834760
15134361
75082520
59132190
9126958
74480923
32272887
10501946
85053695
76202634
84584601
39835812
51475949
51190678
20613380
32525422
14128244
16045349
96107041
62220578
5703622
57182861
96238613
74629023
69638208
32846272
61651607
84817982
77567674
69184469
94350696
41587480
28537831
30372740
56076318
55759193
21063719
90789288
40822966
23288514
28840334
86157802
9575471
50205736
35117707
70791883
40202470
10275640
11470161
64860251
65048618
25756952
40294878
88782000
58416931
871210
43732065
23248027
43519047
27603353
47677560
68406103
50634216
51170225
61368425
17298811
32420887
15190131
45322121
6173485
33465190
15727230
94168544
92408884
67945350
68001266
55273645
58174719
48790302
5832701
88859629
93363812
13500791
62070868
93879906
84573538
22885890
28968156
41844827
27268220
55449163
42558079
61056696
98131112
57663941
49970606
4615942
55660476
49916822
69092252
83672518
33911665
8303776
97968759
23677622
48060891
7474812
87583580
86648469
89192784
67237053
34349867
9298256
28014665
37670465
89244044
20336023
43276290
75640161
67050782
93415286
89895762
95852733
64105518
20973432
4891413
99257489
73615203
83249569
29165624
4232885
68026562
6846479
93687957
15921427
14220625
91275085
81261597
78507021
335178
76860333
54996014
57852104
88279942
84933796
40610710
38205085
70160915
67557503
40966963
92604604
80425731
49372601
92867550
11905336
88680825
7402909
88312665
54512075
97276543
36250788
16306748
36796295
96831137
64436588
10342339
98988380
371028
62712069
47172267
46792914
86129776
55557469
31674427
94718682
46496636
76284052
69807355
38091916
39840370
40248672
54405117
77426671
27747355
68747883
99298919
39908773
80704592
86191858
47464345
10082699
18740673
83958750
67840910
50114625
86985255
10306368
70406654
44435683
52737792
19304101
47610610
13427902
76708318
52830908
88658050
17418010
52059251
2550386
38825994
90324236
53500527
1145278
48327609
5815807
13792050
77837843
15085027
12251722
15791373
18326188
6165267
11280688
45658718
45469259
20642028
31267631
45989104
76914787
17290025
29420988
98008540
80887261
19324665
18841173
68738435
55512958
12803499
16430703
15844946
56128293
16730513
4462816
6205905
15290010
47946382
74924204
81058574
9617222
62146768
89371600
39953024
47781164
59134631
72973877
36962069
62458246
76599329
90108974
37590983
9611125
52019540
68565197
86707154
71413450
39266120
80741920
7697815
53328196
86845848
86802514
65149700
2919400
51492449
70098156
88435401
16618373
34024702
60722636
28837329
96435905
22871982
90326718
77103300
39718552
24924597
49230906
24890905
61733321
2170947
2264480
49904286
68736565
79909085
59350985
85939194
26277571
47475398
19051178
7345782
19845162
99057392
46735808
33466360
77095788
25300350
90785043
29818870
23166477
78262322
85065165
21234706
21583712
80376089
22896988
30470385
95448865
27737191
65995660
17971247
87533476
22121026
69999222
93805714
77048932
41738407
96960920
75346097
17917649
41747749
87871058
84785774
34192907
34011280
21319845
19351117
47152588
61714892
86716135
64942377
43464050
89619754
83612094
47399731
20815214
67609585
34845796
20362918
58474611
18870332
43479857
10557465
28624490
77609187
89722357
61514349
94393785
56333060
16926017
21910055
27065381
67661859
89466651
42391833
86557903
71462184
77958985
82552623
46949364
92258250
75149458
73838566
95937975
94211556
96667886
2528878
83923917
55472781
92750686
15336593
17723379
35764672
52343455
62424627
54967036
96002148
6940124
51724290
90844667
24131246
66726601
9785649
68914273
61312177
29818632
46384758
61152524
16455515
47348731
10026023
70668333
39618314
56086311
54749938
34275370
18272222
82466731
95292410
96217457
64137992
44555892
51615751
50115095
23213038
48843823
67172591
20843779
92074292
69158531
28342178
86808662
1032441
56986688
46518508
89462156
33660104
47795535
21060928
54368031
62203809
17865615
49005857
29511385
49652623
47757310
50490702
85224322
87794928
23196006
27770796
52840318
98230889
99759864
73478794
57838458
64013554
94601744
19888246
50927982
9490791
87859243
16273028
41977620
71954237
80922084
18924559
77614076
93846782
64840619
6744231
79200687
23735818
96872607
79313592
12217845
73270114
40802278
96529936
24779521
23864279
36491525
76517442
32830057
92069110
43184437
97758890
24467450
6492183
96818507
32582308
89293419
69816732
1291256
99416548
12579504
79122736
35459111
6516883
85647178
72352132
5999976
603111
98187780
60115557
37482059
9389503
9002750
39822059
92808521
61149905
56286396
65822458
76462199
80027006
19019067
81129714
35597147
11829253
93411321
51248114
68625588
77692738
48089269
25297850
93129356
36682088
54105556
78010173
97516309
43409232
5134049
88596004
54740873
70208602
18851300
23245609
37990779
78036587
30677615
34873569
90959673
10669154
85786304
39279579
95544720
89278507
40710341
23978612
96769217
56356660
95991887
53338948
24513890
91211557
85254444
10139140
92483910
72521979
66037101
83726691
40197969
51105781
38196868
97602990
74556002
15433856
7669026
70336594
8809978
36627472
62903063
85708994
56192170
27148207
89056920
14937548
557164
5848769
349586
31342440
59787701
73643344
97457319
22820791
74127182
11518045
28736011
90586555
98297461
64305
694877
74892531
3071272
90181064
34915890
74241916
94302026
41023036
67162473
80712465
34628041
91220119
53449310
22333931
6870068
16180206
96449823
92522966
50225343
3260443
75131087
40873379
58675534
58459938
80872768
10646667
17284037
45497221
96474916
68579086
67318901
50884965
25943241
64762753
44329390
8901978
56748329
34270771
73132440
3689461
20302275
60755402
47952351
81397570
76924036
36548962
32707004
62665018
52759740
11841585
17050142
72607780
86631940
39779342
43496377
67629306
39398652
38919748
11744545
61341747
63385417
43814373
62666035
48978225
43346282
19528156
9762407
10744924
35937172
49195890
47678101
54083371
18089031
59589777
85507201
83138377
14759535
82768333
30753307
3882247
4501166
66581645
5922629
96321824
89960932
72220801
80827730
89426842
31827458
57139015
50697751
43775399
16821549
813432
64378420
12326388
39269975
67857662
24465625
51396591
26166903
22544582
67886473
58309722
84333597
75044799
35045690
31812379
83109020
93169342
9200691
28216570
62185885
73909674
42019731
97897923
62528254
92604456
14050695
25599013
52897604
65353672
73058132
39170685
61372266
89075962
90285104
99405800
87636748
14918441
5815038
407158
84526146
43461545
9432741
88617573
89288558
60821089
86287798
34600643
14929293
16850173
78836392
89959815
27826360
50509422
48760196
62352135
28097979
44285308
98493962
29646233
95241530
61169147
53076037
54903292
59822246
10621934
94416919
6115476
23931145
56981513
27804500
50937162
64035362
63532059
75549716
86213425
46900288
86230292
12183512
21728819
84767372
29091608
18021123
40029250
95951592
76794444
69429331
91805869
88450656
95650782
96393161
31446650
78622685
68573388
62067382
68138765
19002490
9700315
20917114
75295437
34626478
16337445
38265275
34133323
11508590
30159667
62381813
64893320
32251900
30353410
89257569
60144091
61436341
67515167
70479694
52274277
1202324
59218644
87176835
72695824
87808050
23931856
32884370
31903980
84210937
32772672
69647549
97584605
30900050
55797970
41066846
62924999
29230686
57319539
2013784
31919898
56431549
88441135
42836518
64528193
78836781
39119381
24690213
8766076
74866757
23976287
13560923
94798733
80222802
13725369
27225507
12064668
40370391
5014475
67320374
85991478
14514409
56350050
84345592
14158892
28502627
37634226
59426464
68221273
18491731
15433849
51692002
27410970
22855100
52860336
11280834
73206850
54500712
80741841
66895175
25063208
91924454
25470653
39203698
58803944
78123914
18467061
91164482
2827655
62416954
68585569
69538847
61527872
82586725
86036979
22300555
59780013
45640961
9337011
64842530
4887006
68219784
67351928
92288360
19490987
26789599
82014445
53368009
26446908
39219357
6507666
40711178
31569189
82857139
79322960
46495135
83076517
12758727
84159309
97297999
13342797
43171711
29746850
4840726
51485109
89251399
76158847
48349177
73634096
55558928
5628334
53209817
74144826
43118076
22493247
90980121
1299985
51554453
64119487
24664154
60586416
99268148
54128643
70193826
4230194
27626438
27735527
21440510
88418720
88416987
50210805
93484079
86571441
95261215
33529784
80263383
30890443
97141670
85395875
38682093
39994235
96499363
54128346
96797634
58973595
38039034
35237504
45157966
51429832
97320940
14708752
21058411
75512105
28866201
33018049
46445705
81085237
35694291
34848035
74677097
44574233
87701784
50042171
86207835
85384496
77535155
70979845
1961746
56849087
70257709
96537847
70567527
59286884
38922045
30957597
80837007
64507124
86640672
24475055
62550100
13388921
40392113
8308858
4795076
16209250
60322415
65419972
70776207
70801523
13104181
65216293
62961262
5499518
23658301
87051565
55511987
22596006
83900023
65000708
31418505
29333677
55998197
86210871
29189062
13152907
51381717
24576161
38302095
54174622
98255230
74766561
71959703
65611485
11402623
81936853
56121566
81815548
71731551
34098941
36158314
90825269
43214459
1985003
90303094
34549559
69274309
27428897
14770523
61760957
55721542
60110544
53768597
13632034
83452639
25433142
66484081
37432508
42891937
21639544
56260973
20561401
93120097
80968788
47545664
91312774
5989892
19719318
83577807
49757410
77092696
61844104
70482116
35030905
76348523
36235152
24180115
43383296
49090523
83966537
51362306
14640977
79049242
38351929
66772994
60028300
94056116
58931479
6599525
92409398
3244629
88319256
22044900
69151878
44927560
90532750
52880158
39614784
58571550
14913587
62276771
77567914
16398713
12396372
30064406
59155769
53049875
87038412
25415501
57456355
10787346
34981304
83326779
7548077
14122197
29879547
72910958
5439042
24716841
1900875
47819068
39323621
59415013
92502016
21145240
90002107
2568730
69381295
72913869
2479986
86459831
73181180
81345679
1419027
31781750
34687140
57274654
90271652
47231859
25205461
50943611
55415374
54491331
82765500
78852287
65151294
53646475
49364966
77499619
66344812
36286075
88720453
13091365
30638001
46646714
83756809
27776989
76235932
57636967
10002105
99092178
18494107
58068615
35030325
74660586
67119899
19587422
34185392
57085911
53169456
53303351
28160248
67017813
57208757
59554411
25423205
1368424
44849724
23208620
12847885
5187444
843092
848862
22573673
59148021
79443611
70416988
81065010
46735822
32729413
20878037
92780374
99168904
69123889
35412904
59955958
83948803
77707050
35441244
10602376
44621261
48400637
41152637
33491753
75418926
89654521
88335030
1378025
87463643
2224671
71353028
67684399
13263430
49804899
77461932
5302111
16592253
15856388
55808265
40699010
27449097
17971733
58304161
67994734
44554906
82648884
95591607
73085439
46377372
59069037
30042481
35152704
49448205
92291182
69403529
93326854
77897099
33845366
93499008
70336014
20214303
72357944
14823123
59970307
77423908
45157546
34550563
53446562
2042784
40585205
74136050
97546349
92882450
5826041
77839884
74704659
58150881
47332548
41983924
47195122
46941548
80014551
21109157
33937750
51085960
42545263
8539880
65310724
6379212
61544245
2257621
85027967
47111062
8534628
11592403
44345474
58062012
40349285
88571868
38089726
5655725
36749301
35694117
53037530
83522656
37724403
41101896
24180128
27866015
96382079
44681903
6521898
53984958
18793222
20086292
1643760
7802551
5206777
9392309
175833
58597517
29132671
54375233
95407724
16808341
99279344
20922309
8367507
72775224
84685936
22017904
10632754
25965472
17992146
46420110
49834229
86842181
76448772
55154485
97270164
55525586
34014603
72564607
97271843
41358649
13028065
69454728
57707157
22352564
41430291
52164349
14256348
4593205
9872945
48006552
39074284
50862995
29329606
50110402
20217876
87687267
23630483
12092276
484728
85306251
98411979
69356789
12268624
39510334
89698639
19700863
74193285
90319885
63302458
47989036
20766295
81873382
57299379
18661092
37255519
87065744
19959644
32044448
99364641
98871739
20027013
42779577
96159416
24450415
70768596
78024071
18636265
5963737
32300048
44008445
34087752
56745617
78797917
53263377
81450185
29440127
20609506
2935534
65007527
81602838
56806084
71938649
74738367
93240093
31876656
6636911
69432809
20921356
85233599
71110648
11378818
555234
56062087
4677359
23561251
44176054
67046029
26144511
4522757
51902985
12959585
2120360
88028152
46076972
62940415
53586317
80283723
71401235
12682956
49371283
88270057
22814836
55956394
46054985
84030585
32120141
15568522
5729068
11321395
63084838
45441985
66466122
95911823
72371293
16794911
66480148
93002676
89456208
4225626
68550797
50617263
63403112
60232631
16030130
24195298
51294040
45616049
57747691
50905944
79575084
13721091
21045561
18256946
61657324
37372586
53123316
69391478
49384811
59633957
82912766
86274105
17963485
83578803
7780511
96610591
63822992
29034603
31425364
29491364
43209655
98670118
34476752
97152737
52391149
52626938
77149155
2365530
92351864
45097328
66561050
79001969
40178949
57260822
69237064
41504988
69759290
93513813
47558400
20265444
85467899
81967148
2641946
65127365
94509540
82002520
39693624
20674089
81032293
75508741
95176617
28422982
7795386
81881294
67828115
82194688
25449741
3226980
42712296
36217
24941059
93811543
35182087
20212884
95527421
95553702
26691260
34083162
78074894
44437297
54720840
1670786
59786030
46590366
22174340
82457173
94132982
34014273
67585646
49637852
65055163
72243239
54525349
71416377
61934921
48480740
23585381
63219716
39093420
25623456
35445454
72150687
829161
19242034
36407658
7287505
82126456
18202663
77609794
39576140
11571664
31283514
25773076
64774654
14773987
71052939
14739944
27739754
83564417
33255650
19623470
81048190
89653463
21709369
20912720
80014274
99718574
38945372
8238179
76911516
95818676
48249414
5708397
7924738
75351406
3952916
70102525
49411288
24065763
40920592
24381006
74631496
65701892
77097467
34874677
98110199
8419547
25918175
56797417
95823155
99236833
21740513
6258688
1045761
77727669
70639073
40109915
46233926
29519574
30014846
51659211
711287
71106792
55135187
49937108
27996072
12308831
30025488
9552995
36879291
19121156
52976573
78752906
33938030
3042697
58645895
42931954
86605971
91726734
89176010
56629726
55469578
34878481
26221374
89256238
57983289
88257418
83025648
38292479
67877134
45190193
84962457
79487801
60648689
32819140
7380637
39632284
88978973
98703827
14430891
84514960
58999562
48609950
56241108
57454199
6080870
40714730
62545279
60096095
91865579
8755037
90257435
28117228
64536626
71409951
98111473
45942430
6501421
43522126
98626882
41262808
65761116
95309156
15151187
83019235
87649038
31690207
68128622
91897694
54052718
94671641
69206894
88007690
53852932
58645290
92869118
3681450
24907895
10691736
2100867
84046537
40235727
18447880
87974593
52805481
99655520
54508690
97523681
51936549
1466464
57921420
14734811
71432222
82257709
41074256
10323451
20049557
30606557
46523421
71772565
212823
39270012
1364244
19396101
70749
39329783
29668903
19402211
53497975
64737926
37954441
58336800
11519131
84100278
64093396
7841052
69848403
43269861
29782189
87951034
36843260
10477690
48655834
49014160
45245035
78395425
18669882
64086020
10240753
44029176
4709130
48181468
14183683
86509743
80523512
36073842
93326973
79584702
86563864
78349265
40506968
77900095
78725044
293612
91682778
96342481
21099886
95600227
23822063
84007879
65602583
91377429
94506268
48523236
46398103
59320434
95064366
6588930
65493397
30605768
84337853
48646468
39666302
4455945
57124341
20698845
35139574
27629772
14122001
97951985
45606934
34990751
23276338
63714018
52520113
93245936
83599554
44402354
71060089
93371711
98662309
98073987
35782804
83458094
87812186
21538702
66593836
58786646
1179422
3440769
93632264
69303658
23674
26575557
11112707
75354579
77551456
52002114
33974014
70089028
90482699
91947036
74787776
83533504
3598750
80170316
15160751
5836951
44260002
29236507
92536837
71278044
9999629
56991107
28969125
75195080
90141730
48713457
51476759
43972527
56335138
48520233
61260333
64956831
72620810
20412969
51666116
47025598
95192037
74817618
81450408
54851669
92512500
47520973
66268212
87587368
73735081
86281342
53419141
62982089
94903408
46076237
40129566
43084948
64460566
70051949
89481795
81104520
19114008
13706929
67338119
96871774
55732630
66401745
58606509
65628615
17123196
28976659
60261347
89213980
17350274
85262209
80769599
77344588
95309318
77331123
96564016
9308912
60418555
81120832
49906744
52071272
89758797
53160187
41091606
42215264
46659507
95606184
17926963
47848192
62812489
93515310
35449413
96851195
37307097
40219295
31176151
86168212
35662762
7864455
12336613
79858381
79964044
4440690
78954767
30762121
32304459
78432300
5609325
40003860
36122668
61202070
79782061
22531718
66304048
37904068
89576937
70006002
57692526
52021598
31826281
37346849
47883452
76358429
39174588
95869072
95924566
80596741
74998601
68290170
30033511
85904276
92281153
96922509
78364152
54741176
31581730
48755627
15998736
22666228
92904463
15717799
69909355
25472931
98792138
98404385
75338047
17736390
85116919
88818298
88098902
21265703
41051401
39986210
87908414
15304449
45231071
85391148
79796149
24564378
34141619
11113357
77436316
23227326
41752671
90224432
37937660
83062356
82214205
88884767
19482349
23993731
84646194
14376182
53075172
69255093
62351437
93285004
89044464
46047189
37426293
21048653
27607825
60494065
48329820
68715024
98486293
81349226
4925607
63568042
88959973
56780403
791457
559297
66040293
42132998
94115155
44369080
11428109
5303132
4243871
37161819
35879216
43115807
5753341
75370930
19739034
96509837
69466558
10199399
8322733
52334676
78835188
23106303
61263788
2211989
36534314
13332876
47445590
24048891
19421482
53465964
2289768
36374854
80681128
95448601
19158309
94619241
83996142
75594094
24770925
74766423
64859465
2490205
52253125
99175123
18903046
12857142
25248825
12694356
54966913
97256113
75850516
15851361
35266962
74835056
34316071
31497665
3452873
76586001
81146042
59938423
47350470
5714453
18940931
1100694
7559473
54534726
89227005
46587604
56025889
99127577
12006960
86967386
58411669
27896362
58162839
95299194
92574655
17451905
73236457
45372297
98928162
95622034
47141669
88248784
60219398
57827033
8371618
85987357
99988168
30121982
23211190
41553109
35433992
64638391
86422949
16467654
5832731
45094564
66752730
48358682
96426326
20862456
17252882
14992077
14663282
78613793
47257810
92523572
71396372
69960886
46819307
61161186
26375509
47805771
68685242
49615433
56412945
48483886
54197361
60952768
13805168
71729590
80261361
82086656
48820298
28711516
43590438
76909304
38839853
11895318
18500560
20191300
60826984
8478865
45552057
81624816
62111093
92942056
53873941
2547280
36972149
29184923
21850679
24984798
70275822
34122840
30038102
53548202
57512120
84865563
82768332
52790677
14572200
66280712
7463528
87399245
19024192
18349802
43661263
95706953
75325075
3472699
97985571
29826242
23898451
42088699
47819683
75807585
13389898
35276681
24803121
82927636
44816854
26479372
55308480
80949677
78574579
18061228
98668957
43156597
73149351
61133547
46797346
32076264
64520921
85056929
54985325
37860750
59907522
16873254
49093633
3608831
95466633
373072
78937239
3337146
3422517
15196437
99051816
43777389
23558071
62401891
72796680
62501771
76100205
52346843
77425755
56491933
58738988
8495093
44984823
8100402
54389793
66656349
5793458
40986959
52852898
29753876
72812094
94675400
11165688
86095733
65821241
74429134
20496982
52879864
41201198
83073039
65590769
72790292
84494141
74518059
65757581
6218552
83744816
52503235
48178169
52236848
59139841
49593970
93883501
72545043
96119556
92078703
96008619
93031151
29113143
77465223
49029981
55021631
36658803
4858681
86269521
97065961
46061813
32112544
9467792
93914085
60867603
52588182
90656861
81609534
21854624
52798165
68437327
3991634
42006161
9641918
26062061
17481817
57490584
98257073
62201366
20659371
69286033
94696232
3735911
75283406
62083284
31592913
89290863
27425551
11159817
34016201
14117096
67066672
36262162
18379925
78094642
50280960
13447633
52825775
77389877
63583729
67740534
25244158
29766649
34973692
51167422
98247291
33720766
26551961
98028717
3108436
57970757
18355282
76362938
75518958
98399178
66973491
35718084
23957103
1114654
96082625
78426708
88491450
94556655
96818135
66141867
69978133
50953696
54585297
3210479
3840044
58118824
75048701
65199229
31489138
42298094
7751934
57830520
62908651
98826845
84921996
38243897
11838443
22183350
6039402
63828391
14880918
83951927
15445197
35427152
80299889
76256225
42856082
32388935
28222893
59780382
23520866
81392181
90323282
58328143
69496949
98335237
60751552
39858364
23253098
21195724
74789846
9057304
58476101
65556733
50205213
14918
36696812
13245390
84703341
71580214
56540541
73791988
91396619
76272679
92623070
42367872
43928055
6778130
11773759
6004286
22546423
72666946
55253648
62517933
1986224
28207348
21312452
22678297
50354399
66990451
67150525
43158949
11357557
62688400
13886166
31650739
87471494
55241583
50681451
24400432
55943206
70425815
68210687
67016383
68643993
69485331
3416930
66133341
34177847
45798955
83878793
80259743
13420687
67863577
12151762
25531151
28882460
54515079
34481753
51008795
41228213
39810518
769343
64512442
68625496
62855949
80191266
10143789
47652282
49487418
47112370
89372359
9149989
39684035
19214183
9171860
95200360
69472724
98220369
78331124
48432203
7881104
92046435
24454399
11238043
84392969
24621623
2977479
87736298
60320129
50900340
52915062
85984374
73564412
30170593
53346330
43758293
12475998
41097865
79826148
52357672
58850814
98776491
41918514
95361432
60773404
79167563
72662693
39347709
87357212
67868716
95457276
26189171
57008834
31044377
96662197
61463675
31536667
73638631
38972786
37337239
32452973
57259932
3891269
54495087
57744781
82555459
62627016
28719673
9055762
14515387
97658884
93981164
44871583
32657788
7625826
94763524
78938720
2376685
82751200
46109848
94376588
25154939
33126061
609727
70501817
25102981
40195219
50248696
43477199
52495408
85947245
19168003
70954582
51356109
85517663
42786846
41237362
47285720
5021056
99949441
97575132
39358749
28423386
86023296
40382917
67841189
72984867
55636971
51490003
20970592
39786777
69678994
74947851
87318330
2193041
33592426
71294738
9497786
50391637
25195228
19941613
11773027
36022792
57849665
73813496
50568377
6387840
72945580
41330713
6954645
93997981
51830285
6490238
83827332
20796123
27797312
91354900
34025901
12057153
99433766
45968495
36995548
97972678
70530530
37076866
49156250
39820537
42382566
24284628
7310457
27084365
72392213
51751703
11828369
71941707
15098248
17338887
99176821
17378390
68970032
9579579
76360545
14961901
469246
84747075
15729870
45312204
43182709
1261115
58733904
34369965
29467816
40001034
89963065
90464240
25013677
28855912
13777966
76420296
82295934
7106705
55440117
70124630
21239668
24634516
42214431
19139608
41164410
77330803
79101598
795967
29079466
94268359
18670165
30553370
66418232
25640363
34059675
11160697
75865444
65364708
70587076
42788806
55928647
14056818
35806341
13957351
11630575
74193909
80145599
4627522
19051522
44048755
22774464
9457579
99475642
98061154
63852844
71731077
38998920
2885537
18035591
24941993
50327456
17994057
12742261
97481944
60577832
87092051
80724964
30356414
75420465
93835286
82526036
45921877
16829758
99285749
29493446
94418409
11293710
55628339
38241843
36326228
84186811
55157913
9220902
49475660
64592051
42375013
37243584
49108820
60745696
56936684
19718601
9045765
27960542
65523425
12320892
53258489
66057755
51922983
69795510
69238680
87867858
1285536
87210947
78738413
51729485
48723036
22586538
86884512
92711508
690387
60762126
20343021
18666324
37040466
38361957
19362725
67659973
36485931
7535054
91900760
65856328
9048594
35223406
63229172
31817543
94899687
90110413
43320736
37245502
86585165
22542932
51029211
82867691
74523372
44561809
95518104
77188897
78444933
95647076
81452898
33035374
86013347
58703822
14338690
22986171
89849823
3823935
15842852
64223214
96896226
53421837
66646329
27717584
94121178
22155244
73463049
28991706
70577445
32067892
52532017
31981702
46645360
51726447
10691664
94006711
34290626
61311958
37094559
49427840
61383230
2871040
40806533
39879484
85731536
64463326
7925218
85526317
12091412
49577344
31387685
76270921
23626739
21282610
18768211
8770433
26988883
76124886
84171837
60590184
78712323
17353186
42955524
75602860
39482734
50684150
30262987
71917681
53897686
12057164
97912069
95606271
22287151
93376182
9213137
52478898
142929
76034712
31406894
83651774
93492566
99063926
66302816
98957124
78777921
88276086
43915342
54071573
95760378
29344540
96434393
55806920
93381249
82794475
76895188
64651426
10373923
12238967
52541291
39512333
44638017
90492840
11926089
92658660
34964687
72720412
77742263
47049583
86742724
299411
50370323
61790354
23028788
4448639
45504821
19908494
89981050
28899234
44676292
65143319
54141344
54761435
73991504
30336851
83552466
98729320
47720096
23647919
73978737
60505816
6095053
7676760
64881232
69041136
784264
84187710
67247998
28222237
87889217
81226831
56985524
94129804
81659366
47395288
83878938
40007010
85925319
6681514
72670953
58371050
68537814
30937071
53206307
61445675
1336613
6539318
67808154
7635137
69947349
78127111
40477699
51403646
26720003
41893207
89222584
34925061
67684634
10224149
38621910
3990227
68750734
8164837
56766914
62088236
54561956
85924224
94603561
571896
67381414
23662890
63147442
20406057
52600473
8712626
94514501
16918757
17326964
9599978
24088212
79973585
58141242
14279426
74427799
7876512
43859940
81387868
92845204
96547231
81355769
35594383
1509778
42539853
13392149
1671097
85017326
16824743
60929718
52160610
35902022
9304612
59238926
75020411
2529049
88056053
62654477
35461208
91848171
17393727
24984252
37772983
42656307
54368695
64752889
11577716
47176774
31164984
29710401
64520028
18782877
21381054
42356062
35161630
85160422
23327797
96466404
2445163
62171816
43665957
71036224
95198049
28315013
18617182
38702805
2815048
74856822
79824085
40298074
13728112
56578706
9822481
20274946
69311829
21941208
2464267
61011094
96407651
14667310
14205320
3234975
73668740
51741417
62500477
57222182
4275300
92493927
98060665
8131967
31320691
48823735
25037046
74305367
66840220
20962411
53179106
12446183
48869349
43284606
65344702
11369019
29506645
30390234
40520692
47112269
68319049
76206206
21921773
70453649
39452098
86085870
95139474
2391686
56699400
25392524
52876247
43451508
70465221
63266208
31895169
17711941
53414258
92225238
83078234
83241800
59756927
42298876
11228452
14895940
46652928
92272889
25476174
63542920
28170044
68638516
854706
94145155
17051450
22015735
7435342
21393689
67917170
9395824
47866746
3189535
85930784
53985561
24150628
13098544
85920463
55263668
34868457
48994671
26677293
22908285
3712761
2422310
18055391
33856887
74089917
2115272
25730783
8746452
47653212
55928368
2686733
3243150
98884738
81520654
61635101
22034043
52047740
89270173
83940274
12732606
18384718
93520296
69622902
120458
73282259
21131408
24764545
43467711
93551665
78051746
23967507
50244392
14105082
90412563
50347546
76810994
77543087
76231076
12885827
11298245
46755704
46098390
95049901
45421975
34430050
87417204
9148366
87251665
62208802
29299661
36215116
16296054
43500498
14974900
40416389
39903968
10466251
84616566
93864278
22728874
13891847
65476122
34371066
93488794
31590766
12300650
43659595
46027202
65757862
48737229
91715131
98600433
81641213
16651787
97704380
40619995
46098991
93116292
43052846
79105212
48680033
96836813
29393739
76669292
23088632
50120431
16400810
10485355
64313482
11800096
61957510
78941433
96543845
57451126
23328293
16453451
23485966
4054307
65597201
99955580
9204002
99263639
11168166
81257614
63666155
63249468
60467612
21024826
12111658
67574003
51866429
43525885
55458534
64400182
26261309
61050442
33909828
8340289
79139885
48409929
39530113
48615486
82096031
73297418
89744952
35034923
32034034
3942718
8203843
18109800
60059297
48606304
40657858
31029517
40454260
6284258
11826627
848618
16483615
74894036
44467751
44420543
82706515
80103591
92775548
82422393
56462947
26126624
75303647
65267697
14278627
53617922
81547306
20989757
76870444
84307072
47508353
97758741
29955534
60608627
77121221
15593639
63776823
3361011
49571733
73840559
72785639
8133523
65955207
72597371
73188506
3781771
93373189
26491940
28274659
30614985
48129786
58298649
72630151
67606783
26127017
10531983
65858829
71029589
90949817
53282803
81850393
53821833
59547631
63498128
77688246
57904839
42020732
332038
28301980
16482267
16564147
78801397
65861572
11433121
44135098
91356823
13031401
10515232
73459844
68679724
97523662
49378881
14697599
14077997
26805978
71819996
10538515
6723130
55170579
15256928
99460369
97712828
30264441
62072911
84388497
56414338
70898364
85728787
10056823
18996417
9885147
73258085
86441816
96838565
91820890
84525387
81639088
60095801
58684264
53453450
86759145
5220947
13915729
68763007
60758324
24914834
16126854
22218149
67191779
2956686
21507062
42231598
29291900
12377065
29229206
52229913
30149364
44721586
38040438
48609201
9045819
48201279
15546132
69787747
20870568
65177726
41736578
63379073
12798254
45164156
18303916
97060272
75217208
32432324
18239547
90942229
67756092
89723677
16286099
97303478
35386467
4948602
47742241
94447359
66047296
98514303
2270122
54348939
29989033
73668072
80454135
54038988
99069306
21424322
90541963
75848147
22450149
32564610
49262254
82015397
24214216
3136033
9530265
94040881
3425250
69797272
99030543
70075269
6797484
66865736
20217775
75261802
35743213
44317845
41080
87891018
96984367
87647503
28538892
10119095
14189834
67283471
91379073
43752470
27035642
93897074
87628826
35001509
63549884
64090764
23309289
63286705
29376661
74329423
45090882
32359829
98343707
78885297
58667222
95525272
20954546
90091413
70601190
78731245
74176922
57516516
84449463
2094042
86369982
49311523
46367258
59108386
99107665
49608318
85420341
47849666
72141784
14032778
39046423
59947377
54127640
54859959
71070871
19357232
32738423
79238314
34699490
74542017
46913918
80208063
60053522
21982385
81623324
21723535
90312110
44786296
59627280
35216559
79566342
30882203
80700349
31417334
25697019
75703447
27790638
32330783
78596856
89425480
65282418
44555083
64437663
85485839
71405572
872444
21627172
52257062
39575951
35799529
76265079
61183444
26757865
83377235
46473058
24611558
56172568
65986300
55863093
64710977
55260981
57189903
22568620
12254829
50232879
94019255
57370334
15352189
94887888
60000766
84633686
56327644
98540543
88892576
74454375
71695344
94766883
63684150
30036148
19639304
55077961
8459436
45516932
30377761
66113745
69857848
43938245
40299446
24244367
50831860
2909936
5584903
87156838
92250850
78361641
53560494
92314166
12193076
41396344
11616005
90175525
9349746
45530066
23361389
25432533
76348709
27430143
75589922
28947303
57004746
82724803
19628723
51983983
27721586
34956683
96758474
85905381
79314257
29468601
80660622
78589409
91605376
52778692
38113587
41247905
93108314
8847412
83988215
90421042
7376417
70740938
6872285
66450500
68300784
53412559
71673270
10661696
3485472
40874910
41640325
84798157
80693672
69801488
46713599
8325941
12338551
15251104
78880148
83852834
30844063
54145852
98449117
92947881
14618687
1546359
59291622
55521371
83023330
57933979
41569330
85770768
4145242
90779854
17455144
64103561
17142980
18300095
4748998
38407779
41245591
71431402
9567151
8535244
60947247
13121917
2518703
69251922
26367415
87967912
23119439
13778162
5225380
973012
73729108
1151974
19004801
81895387
80784781
40862682
8114702
56625468
67355206
66845589
99393381
86371711
33640381
63269778
62183463
33323874
18023691
32780127
63591839
11051670
67965726
66101686
61843188
82780732
7828822
69626773
23299880
84834238
52292145
21723787
88301356
23225904
40507404
79744952
28648087
144091
28981856
23868195
34665762
72929643
36617590
62082573
54638295
26937062
62593531
22133312
34299161
81221509
21032210
19124112
58073904
93747252
23466909
23972338
10271611
77297361
58601626
61478603
52311853
38702749
47996217
98883344
35839189
89739418
23274612
49114788
82339018
21194603
88850424
23617396
63781696
40681255
11546678
25003437
76909884
35643572
85001850
27760799
29301263
6682797
18767739
75082926
79899428
18910471
60298579
62804226
25271367
53094687
61252325
82981018
2240638
65349343
85860568
23269013
25525529
49205072
21793140
55818292
9036851
53430698
42321535
84204548
24664980
1916983
28679239
50986378
23692535
43111586
55554667
83874756
73849735
30931418
22507637
24084812
13465378
90186273
12053758
96699348
18618479
71447735
95082736
52482984
57480217
56784441
16671883
8549218
5195144
9872924
64999673
77639007
4055294
15449268
60136132
91528456
43393213
30535900
66067406
36857054
55324154
81633768
991255
34285578
92522415
85978877
77279646
89768452
32823173
55452050
39568311
97360665
51085550
79016925
37713618
18449182
25664663
64464772
3000690
62516676
18057519
77013791
14108839
53669245
70113882
28667219
60753756
64900195
78947227
5696840
41693311
41362649
99912889
22526623
91063104
76444185
48071602
98004522
40263796
54786182
23126723
63894890
48959969
27919832
4919995
1339416
41228411
16939671
44020007
88560586
6652916
41094916
17354173
32682750
93971489
6083539
9158859
31355760
60818305
18030714
7744174
9888880
32869005
60995058
98024871
29485381
43586007
15457030
96569000
24540912
17785698
66686630
94732140
10891488
90323410
36167665
64923903
63944610
59293033
38936988
82951706
45908653
61595456
33264806
98497886
65519390
51906656
68005192
99191458
11547518
49196254
28542436
8522089
43465652
13978790
32912186
47005113
27651917
37980663
22520610
81496680
29303657
26975651
7103614
49165748
57847073
3401157
69911153
37105549
31944500
69780824
82749795
80210153
52024132
33068730
79526487
28817242
45585317
60013990
98753331
94967823
61134612
25642936
67496829
97683941
71489188
56771439
46033605
12686152
42418944
52251655
48664537
15942276
68477188
67944705
5847750
97290346
47249227
51839798
2358958
21378340
8878909
14938278
51991927
93490349
30158851
40372025
4556972
31579636
63491229
73826657
88476690
67253990
69962053
24235254
76779534
79156062
98691125
66227391
43702908
53986288
85849782
22521456
39675804
7127831
37472634
54394470
8173662
49816526
96768948
90513086
32024091
26719431
21881929
62164893
19645702
89991572
85468001
80254909
46517332
48900005
84212633
18299721
39666205
14123324
33036903
46072155
98007667
12285663
95413656
70288784
2584345
84753346
15511224
1770851
21277674
71665698
53872982
65728772
95517720
46503205
69605255
94243604
37218597
21996192
4214362
32672074
9366347
54917587
50098753
68657408
91135858
67418299
46198890
24405717
47698952
93241833
21895276
11036982
58901031
58765381
4350167
21369782
15169941
58216210
10935234
63690212
4658333
18207870
45974445
92141269
97527934
11928426
62913280
86132185
4176261
46288576
66625297
36490267
7809507
38652558
72594171
17476849
80790682
23820182
16925743
62327401
1167453
76843552
93216851
11702639
49913859
43694507
23341385
41071483
48914543
89122251
78289307
49233259
48323524
9105258
1949014
96678210
66033577
93960286
48749402
67787584
98105609
81932221
48556340
7471791
86240526
57199034
68132308
32801835
16161052
94636172
72367271
43584376
81890206
49178222
19906062
67924985
36270723
67104479
61771482
30913255
62650154
27517176
76711141
53081943
60184579
2563177
47139154
63591968
40853285
19523846
13024674
98975403
15347745
78521531
90015427
4389336
99644309
51715446
88684861
43775880
75293645
21046435
28882841
29410626
78202035
87289573
78038944
1221508
26357590
88590602
39881466
33596196
16523566
95163667
29508636
3713459
7583706
67854513
9701982
40890492
15179259
12250910
2729485
13546662
58706706
46939667
45237142
13898424
70238357
8792952
92233038
52193204
98482321
68309540
18116060
50826131
74256467
99934464
61247701
87091790
70987155
85003794
4875308
22491895
72797776
2757785
35648452
94618215
34931416
33774204
80387831
44445825
56501274
44816375
95892128
40498772
31798875
14842982
12116416
17309637
10245217
71278020
13392247
36950242
64428134
10426133
10018175
14219332
89813250
90696770
93266727
40787719
20515810
4449790
29284876
56858832
74190147
32818840
12629967
93539559
30675655
92967023
72151417
9556724
79446006
5033152
41150382
79822253
76717159
30962904
37014026
1973860
89162092
44930887
19374351
87783638
45025639
69499036
49769849
43610442
61346602
3132025
3592409
69455650
91437934
94178528
59243940
52425386
15587486
90755640
31032385
27283954
36458722
56932744
23853914
28246455
17897005
10130803
93005823
86400980
19426749
43607524
65944855
57570951
55868686
38206999
54429958
57347849
45798637
50935705
43534937
3669268
27599222
81721848
91471035
82387680
69338187
16482687
46636394
2539903
17162715
48681421
85860050
22862615
37997558
69407589
84030142
30262363
38621325
40312670
71522335
11143611
74958075
64163529
42393171
11716113
85711237
49109890
63482660
56149403
13056433
65175730
26192762
64837303
12739034
28135191
74276034
22137667
25821081
88107536
12189483
2804553
65236708
98521889
25262441
88223157
10286213
77333509
45531241
3745217
7514226
58345946
79250481
13730021
42234705
78518866
47544569
13479589
97010043
98358002
82912022
25112831
13338756
11526281
49061306
31321934
25078643
86725474
34476700
82847739
67582202
32256539
7446698
68607963
63432235
94752032
60456786
25194087
84992248
70299035
42192976
37003004
12562027
62980505
47109963
74030137
98447671
65855986
64971441
4488766
23149583
5379834
75813659
3022947
81399132
4619113
96740945
91522857
69142166
10700521
33712157
34446677
21783168
37553913
6744145
17210008
3038132
83855861
1788989
12856102
45643053
60639588
34567231
36823927
41388955
88028576
81261558
49688797
46824931
65719700
28983989
68548628
10667526
87607942
95003819
21260152
63988173
83357525
9890379
97356481
31938583
85103473
80477107
60128673
30646943
63655536
38287764
68070070
70039492
63949530
47935026
42489287
84340909
64166259
1764832
56969205
45348768
95555098
6729007
98564765
91983709
54009030
10388735
64812858
4880781
14275349
47558243
5709231
79227562
89363508
37123550
85424176
25876127
72363095
73377995
71328624
80151734
1679665
29624803
74295585
14934500
25455450
99623282
55247470
42416452
20306390
29347215
9575329
64956264
47074718
84715013
11987688
21902261
76278904
15357627
91253113
60568833
38525276
73563063
55396667
70288200
69228150
64399809
51500712
53310488
53236829
14607328
33457881
90967475
94147576
63719592
35268549
11482641
14629381
35851362
59621400
9016030
51781659
24694869
92416903
87914076
15867080
56819990
7706583
88465500
16382466
29536440
24350781
54385206
34121911
94962662
99668901
97527137
24521765
18471264
14196751
27924523
25527375
70813535
38493421
80573119
92392085
37159923
36058659
57109985
47034706
97309727
80844643
64682273
11732801
8857582
5809218
24788687
82519057
55314105
76143441
48927491
77912266
2484544
79493637
51064066
83769351
31526855
88646827
63502958
78435858
33442156
15118034
54296862
49800135
87854924
80567374
2111205
9282365
72377054
85636232
64409453
67015105
34131450
23762819
16039300
30577897
11782385
22960019
48528883
38637058
76606100
46420285
93879458
20609012
23948307
3505302
84194731
26618536
1985498
34260065
70751618
57180317
39357085
27350915
45813865
1976219
44830887
37005191
8527071
95203159
21391330
913525
97465034
34931490
16748695
97061128
60455426
73279606
93481273
64969558
41384235
9270967
33886739
39689823
3302484
94220522
43670932
33009220
82944242
42365262
97396184
37992442
7864066
39127829
13097024
95186815
5670877
14098408
18830454
10284956
91345149
81200096
83069487
1281366
23391663
60133851
87750196
5451331
35380825
59134536
53009152
37203881
97657972
82119027
68142994
77589169
72337784
62075816
824339
89990282
97839762
46349361
54205993
26675369
15954639
78720286
67429848
20070038
92540386
33734666
15175792
42799049
5464439
39993647
55918325
13174111
69641844
92035957
73942696
93828417
57976740
22753310
4871978
7761316
51704029
89651758
2798991
37197215
6676339
99654041
3421548
50684141
8974199
38075269
15854267
29845126
48019870
44308565
80079102
71557642
44169921
3366795
38149633
31278723
83671524
6031203
65166970
70864299
20909869
7034458
42737112
34667220
41571426
50219204
86463687
59318561
30659171
38778185
90526406
82489634
1444501
5067154
769021
60803029
21551798
88068926
38165414
68670443
6316051
42795572
16505545
40709418
73551989
58708497
8820038
99656634
67610509
73639392
56894727
75340921
56618999
60083916
58469513
58785437
10289241
75342913
5621610
39208076
2162674
30671302
69287142
81171286
40122352
90582383
97893682
20267128
29982265
74836110
7417898
5772096
68723345
72618821
79383980
75210721
65381735
8565297
52306394
4041388
25096533
25912626
15718459
80974601
98055580
17330755
7747956
364879
10383376
12460251
18573590
27963503
98171392
80422020
91721063
36993590
33696233
53843465
43678978
12601099
94522027
21802186
60499360
53524734
34158369
61694411
32560121
36210292
38286980
697827
51678263
84066594
30858597
3230433
65881830
64972799
94109539
94003497
80426268
43254611
98815874
73480040
64669639
76359371
95395599
35223897
44671619
23956418
54996689
18200312
1393128
58266796
95099948
47661809
23169866
77151159
54705877
18077285
79810190
77216234
56549929
56753237
6574713
80466794
81868772
12019185
91806
52311520
98643079
70538399
92683504
16344217
23038293
3465695
19193341
39517778
92744561
46038613
43319801
89885972
46334838
10719804
14365178
68216082
94124321
43133693
69911562
31631939
49644411
92310642
99872296
23755087
91039016
82957160
43892304
36328540
42767780
8142625
76685670
75588108
4011280
42682954
28407230
24746343
65579075
44533461
82368507
11192689
61330792
39847783
89397312
8459255
24682605
64522031
77890809
43153977
98692724
4778241
56567816
34901520
65685827
90449061
91388843
58502638
47670627
45552776
2887020
22288003
43612584
4402359
12814321
37079924
86396610
59418417
20118158
49169932
44577752
63831497
58942197
47741057
48023600
94786600
38683165
2407521
126457
92476083
8470021
26530444
2765383
53272623
78650575
72461812
52912468
54752451
4460750
24989281
1431318
44149136
93519208
59952919
15210015
19813643
92739647
41118769
97517588
39252729
90913986
6771236
76293439
10579918
71489086
90167762
97052342
87211013
90728352
91622483
90465249
46250021
72997387
95460127
95826106
85019475
20134669
51451879
97584835
21755895
40746371
49469588
32631309
1961436
71395846
22055518
36134771
14462544
18695870
87752185
68093787
86771290
64821820
61938795
21809190
35003749
197998
37887607
89613457
13088742
64273557
17212737
27065163
65432307
60454706
62304459
41850175
81747415
84523908
95002927
75985353
40055717
6493017
57321414
71080559
54379236
93367538
51496482
85690138
83690185
4842331
8607031
18811673
93753485
64207787
69350083
66889458
29388177
76044188
86405260
93785663
49905486
76597618
20936311
9718272
8725616
92694258
13082633
31576686
43051621
99648505
67139593
50980974
21291516
45506338
18098695
96477880
92181155
7454102
33480315
90887411
72656495
86288639
34447338
61966420
97372867
17838620
84610037
28612939
59199424
40929433
74121292
79978207
62515059
81624635
26334728
7722178
42195660
45302143
67251488
42318318
91273847
63116012
91189203
69216737
88539584
4341933
65294239
77697775
76373419
96756605
7697650
36379106
56471758
25661640
78771320
50996750
72540529
39254387
74351732
77675629
18219908
5627742
84616997
47096378
24403554
26617682
87739163
14957927
20333892
95530175
46259011
29053306
59772512
84810098
51016212
28758907
74613723
84385279
45210730
59176428
96668591
26706604
21836312
79271780
1653721
65346667
54191662
34804627
54715761
23873035
56519833
43046526
48804446
66296910
75462580
72181311
72006243
88008495
224463
48426875
61927182
32312176
61121094
16190008
29058660
19400053
63338653
83243486
22428986
21158631
57634324
92207032
34703834
34806697
85529948
66359514
94611809
74306700
89738478
33408807
81218389
29163434
65999442
32308745
64293757
90616750
84019814
31750320
44613990
69150989
74919624
87173440
15077939
16061212
97473168
9478672
43688637
62008394
62073985
4660339
26638849
73861039
17945149
64754025
50872242
94490755
16327923
38762677
89933361
85664765
1540679
26247106
11368250
88691271
89221045
55842476
56326891
79431969
41047106
34602442
85852551
73526037
37665586
26094805
91619424
94231688
39738616
81212985
36239356
22905
28840457
89781628
21595140
44575011
45251831
56588711
18038117
74047655
86487533
48820164
94451872
78513084
43827153
69883355
11853055
48213240
80966805
57994885
17102744
13817193
69230060
91606436
93318973
9306701
18816148
60191190
18993300
90090576
5729869
62308876
16469877
75909187
79686220
60573297
69958832
69932200
52810559
38752348
16952351
72932127
53998880
1315808
90488280
26987596
29336542
44757717
20828913
96693325
36684455
93905195
52316869
71291547
41955551
41250390
76296635
9800462
66523742
48379907
66600542
72467472
42373059
131026
85722820
56903516
33688053
71715597
31163314
62842654
60272988
91251000
82840955
49769884
6764245
90408098
98374938
42100278
8487435
73464821
84754444
13793669
31572379
77149486
3954909
44033079
17321536
69511969
66641279
32317126
3273955
3401859
68932439
20521690
24780173
81525730
32769896
78287941
83502965
44374923
55631892
32422294
94339193
74439452
2928309
34555678
78484349
48954252
19668965
60533223
27167368
28079712
87985884
31779980
67934263
54761399
82324633
95946735
36026349
66858669
60837024
59979605
36326729
37419592
20958111
85874329
52963900
5574009
88177445
5241567
81293349
21290990
56709362
34593286
31097520
53541366
15646815
89638938
83720172
93404589
7164254
92270053
99533104
34190517
3539870
70863037
13372608
99923819
71205761
84798969
76938777
36995527
6220267
20169816
63319877
85675290
93988525
33838104
78573558
94673571
54919417
54920839
43424657
81118979
4473717
19291608
56337046
71299075
96726939
54533262
80324756
44065687
33895617
33708007
77156581
69050571
70191507
96496159
92565042
88443242
53854714
48050004
14127425
39501396
62222410
69154924
65459182
36894828
12197137
26997199
41376428
81636024
43730277
40231011
48551911
38680135
19343440
64309718
63319856
98588725
87119754
23384103
88272999
60444909
37629894
20031226
4797455
58263803
24370845
61924282
9698736
72384470
77837705
5600136
6724789
77765572
24394781
72592456
19895708
26298106
4857869
94504934
12260998
91968287
61243135
55871054
42783630
52325182
3386000
65381374
99267063
7378576
82885169
52814632
42876546
56378079
45125924
14083614
34827258
52684290
31604777
97185241
14475590
64132592
97774242
35657388
39067208
56719370
90785062
33250227
59448203
45005671
49994930
34374565
84788558
39213142
54098940
2595822
96731324
32674454
95852537
74445812
30000256
36090948
89057520
3464304
79852578
34467504
14277954
68994968
70562888
33681747
79242371
13819273
83235598
13009160
50215395
92194587
98186224
15797329
27215514
27334364
15658093
63517330
44584461
12938731
97521373
40566988
90284453
81108383
85046680
91159864
59324108
81186880
37958076
6794059
84313632
33109364
87370785
51450640
3457576
23756109
71344767
26982609
59182556
21825488
17489447
54113514
11301206
43582668
25336233
65673394
32864516
7227418
59462139
88691035
86885201
46369953
29620119
41093970
50442595
95723688
50983967
78874185
18654861
16728124
36476460
28199736
75080059
59744396
47178157
66138056
97053426
48127219
14087996
86926246
80457070
32181770
59177867
88060069
49106101
97718795
39589498
33439248
72630195
3015938
65201681
71200054
90341253
67131042
92005558
93247506
4892405
91053264
86756672
75835871
33431379
66823733
74242078
1014318
80269566
69742245
19647659
45330847
9320965
27291225
82977263
15522903
76224273
34888648
26730547
26219977
18747637
1085906
3768371
77427758
64787593
44433317
27185658
61755317
55002522
66203600
97567597
15850621
14986661
87064836
65462041
59343131
77964225
6996234
92018762
22347412
94236701
64997313
37726578
1047987
16265065
13200959
29314594
39281865
95298887
27396806
63410434
90200876
76346613
50953975
62304646
19045705
58750314
76114944
25027761
10044357
85405225
58898332
68929901
40094384
62793289
43073880
63477793
98615261
6633299
10978222
67384505
54271674
68312212
95527592
47517993
32049612
55902620
2565031
72528995
53341962
20559698
87087939
99487614
89747875
56210240
12450287
31948207
1667401
57996987
46228156
25193263
12396772
52701532
87478007
48428231
40098510
5432450
91092993
95007614
21725090
35713308
71371435
93050133
72162116
25992147
479843
39803672
22736721
22636017
14953925
71809196
67979214
14528189
50690712
67002569
64058386
41245106
5034612
56335520
26968061
50872103
58066284
27166818
52014076
10608702
80735657
59493002
96364236
91693847
68421566
8702875
13387796
75427472
87357814
62904501
24714949
7835106
82118936
68364009
88585615
88805673
39766894
18659968
9969200
40566410
55128356
8323020
87963903
3099352
97298606
70125636
90486857
41194710
89767424
85492039
18634
85270735
69980080
42155838
37279653
86163729
92653840
23101176
63122028
31029245
85238006
54414466
23711820
41742874
58862985
10269482
13106738
89106928
53902236
54607600
91600262
98678547
34656980
72721064
71475744
73441017
5459076
954242
38625714
15997119
9188328
77638784
83662450
32903527
52206929
39804493
65164903
59500016
57677517
42104280
98350715
95796199
71341046
61013053
86949602
94276152
15514657
29118226
68033368
6851538
97952455
98341642
49404403
33520861
48469297
24365777
85748319
13603978
76999334
59228035
54634670
15634128
82905241
69932955
22069162
49703409
51257860
91920579
27850646
81306048
69114401
9006431
25110609
60854757
57670392
69925222
89069343
10700740
87387103
13317220
55573246
91754792
2135963
51660654
66723707
3027208
4685923
25231697
78985257
6572174
59587362
57933383
79035926
60940984
77165157
50296743
91195438
93611454
82553410
13492744
49432051
59118749
68109180
68822975
27148030
95886064
8807262
66387180
72241204
28760975
28060380
49408898
81187457
43236354
79442349
65050954
67202221
17805074
19278209
81426220
54336877
77826356
58166822
80351189
94554918
79927486
43629601
58341733
45734201
67200706
31100955
83882452
27812322
54150874
82847810
26481939
72972035
39421334
6780323
26025117
22292104
43211940
65159795
82402200
50655892
88907252
10800831
99538538
44118908
22727809
69717893
5926918
84128420
83096875
57152618
57221772
86555286
612402
48230656
10977518
360245
66860288
51066921
56623445
7566885
61573008
18963017
29996972
24231949
95395713
7187881
2306233
91169378
68228206
126110
33620141
85066229
36845708
90877382
53593423
48374404
80991884
64049175
66880648
25623263
61640577
55048266
10726523
47987158
67464964
35893464
15615339
59617149
61300161
92804693
69411970
64007643
91830917
41376800
19265408
18505717
59995953
69028554
12270873
591071
17091292
17700299
61777919
97275229
76623107
4393094
71341331
98639153
36404213
79513414
31351918
5084857
55665495
76496777
29964206
10967114
32624036
1633566
1854227
78930262
92754664
80759148
8069946
1146610
82775316
8799506
33386287
23275291
79933008
89148566
8604464
47286332
67659498
6674772
20220630
24765515
35272523
83041906
85579892
89375261
76329906
94122225
96863086
98567079
87667758
2575389
83441069
19892720
99482214
43265783
32936871
57001044
1699315
35800406
636509
35715665
9360922
97329732
5351402
13130672
84341015
78144775
7462661
37771174
75535388
46181868
65404179
86366020
23491533
44269699
32442800
57965036
45044467
50754955
23129533
79353192
38159876
97371118
9243942
52554452
15507982
8737938
34814687
88504693
81104141
47007586
8726197
43220219
49107413
5618519
48792551
83077226
8680181
79804124
69761922
17484282
83139590
81581781
18800489
3437423
58750730
71587202
30831414
48966990
33804956
59378409
51160830
52508416
84531198
32730525
1493699
39289612
21904937
89530186
37957161
9418738
59866061
86700252
71745583
56445727
99720078
198488
59418117
89829224
91349520
79820366
68794271
85971808
78516829
84670563
52029498
46528526
38631125
91099066
90877720
19169884
91485086
79993814
75632950
83706698
67799435
88916540
94595795
83247372
29078567
85018327
80166209
87971348
98502911
25828158
65165198
96715184
44269745
29094674
49264780
69993318
80393905
7707030
73941570
14152533
68938467
12466413
34108719
25221688
70955152
90022367
53241217
74141464
22956343
93187988
6327256
85740194
16940446
63892404
55435291
25798957
30456763
49520009
99749333
36706318
25141527
18577462
30654054
32255495
81657513
80325518
93821427
99125521
35318741
97589853
83263285
46770504
7087719
968599
33615597
25555883
41356770
54244763
25900073
42302071
26655976
11712035
79457307
62383205
11287084
96770071
76686381
24628501
63452993
30557475
39374539
79441675
19893021
95726981
44745026
79009290
63941684
1146098
63371892
86219910
43774032
41275923
23985709
68240618
10314665
73793639
29891780
91611525
58296911
85514447
39509564
43402953
12543109
37195386
22231967
61234015
23318024
30022544
62269940
97727071
230210
91570399
56295483
85504059
61037609
67372497
24569541
76027239
1681675
39130885
71317013
36301582
13183058
68766720
68395479
65342403
94628526
59622999
24976661
79363002
78708295
80779818
34955823
78289838
31513662
84656218
18732035
32381972
75360165
77686932
33812278
22843173
61620307
1125875
10606673
12980991
36135147
87838553
38462538
91171696
66771521
70332509
67098734
47440791
93874656
65798711
66964195
43610174
93537599
96712553
60802318
92250945
98089743
1204836
22865434
72689022
70889373
91943410
35594595
20946317
78808289
46429774
70957611
73663702
67706813
5179757
73185607
4764576
50644816
35254329
39558682
37241812
92169523
56200054
19045650
36949109
9360756
42300596
76937589
75823811
65792477
40184191
8093662
58588580
80080981
83382147
89815637
37359757
95696003
97447914
21423091
49500468
97613235
32342800
44067153
64015271
99917775
42608530
54220574
19209439
826986
4497410
18101851
76485162
87393989
52873197
3224550
47233590
47106665
13493359
29609206
64083319
678156
49570882
48423492
44384633
51099414
18801687
80998423
17519846
62472941
20226956
57047594
78951972
40257844
72158501
93038622
21787132
737372
5144262
5446225
84361497
10777979
67352702
47796852
11861673
45940566
27745805
70655881
31953535
49199572
97405644
77316613
50478546
18127702
17113426
61238242
710830
65887821
44947029
30267335
97075149
26419881
21617036
51186303
40967390
69135302
23951559
87467438
72309929
82068421
68534525
43973267
50487747
98959668
66509806
93585134
69492773
7987266
8984534
94799590
25650993
7871985
39674769
36181427
30005105
19128029
33407621
17598460
54589833
32288787
46894534
17088583
67321622
63216679
58187942
6907507
41220556
26133968
35516759
32752895
77200077
9478450
8825006
95422934
3936725
89462469
17555765
58136581
42090470
39418335
45343476
25556374
86616221
81842855
45944396
46085439
37727108
59119115
38163473
1474885
5883289
21272797
51577945
16196406
42636700
43088490
31124003
13864525
91591413
44118255
77097548
42198052
37526499
47084241
52625012
52649152
24222632
4525258
36402787
12237054
92307302
59926387
6565293
50446996
2872061
45768395
38317970
64201627
33303139
19586103
23547891
30728491
22303113
4356611
47190815
87596139
11356844
94193620
73024840
1850461
57689290
91982945
7651444
98202100
96541131
68299081
16069485
44209702
29555302
27945585
50714135
76234082
9115118
5631760
83288686
41859822
44604974
30696678
87309335
53082778
94136795
26527122
72021695
92474465
60569934
2088865
92610962
32981501
82183518
87505189
41005239
35089784
13675351
84738028
91218694
77198632
28454668
52970375
91513046
86273442
69670627
17009008
39143232
25271970
62474359
44144096
19747451
89895077
52692291
52205398
97258531
20011146
94753026
23611126
13367545
78947262
51821883
51691258
31391933
6063414
78059776
16224903
73026431
68200365
25300924
17964871
7447397
10616243
64509756
47473903
51418194
4477842
99548843
77109195
61991943
56818124
69750034
50982092
82436757
41387448
34252028
96716428
85421269
9225393
79224635
6439977
35069930
53505628
47793735
27472458
34090328
60256265
58867450
9689574
82103506
61284061
46355241
65243898
34497504
69283376
56773080
60288115
88940929
95174425
99934049
55746669
13980563
58121198
85878365
82137823
9735126
13877027
84444445
99439368
74645924
23455381
33882657
27057967
93666933
27915375
43322132
57979382
53709685
67818402
29929515
43094679
70360585
44409042
6987598
50395901
58901703
82508591
4672721
94373431
46895173
29804841
23828993
95124083
27059349
60145431
18014137
36722342
78557245
82494411
19364507
52650259
47934991
18260519
69592062
21266774
22210078
68588095
87811584
12854919
13852218
33562619
60932221
37827290
85095672
18884981
91265673
31409818
16991655
39998138
49483076
42052843
32180821
14253929
49389445
73440400
17408828
28023547
83255979
55723349
23288082
52550740
20386625
26164158
53096354
13699528
21620692
74068537
56525451
38377044
23146839
69618861
62342802
21176999
12735328
18511157
65672472
1137472
45825294
18068049
17001160
28528740
57947163
83176224
35965330
34207521
82474248
54470414
14906533
59972159
29745754
88429589
34392517
29066875
75006868
5732548
45277959
84308010
94168046
2970281
84820419
83153392
35825599
63297020
25809907
35122552
50264057
35808002
64071524
19009136
4735525
43947463
32730442
57808413
74201569
73399901
39357450
52215582
99794393
4863443
39712334
71696319
65670177
14646524
17505299
7057366
94859529
63950099
40555883
90649451
72761356
78903783
40425992
85451992
36646140
88521715
63757848
78233375
58017599
31368188
58996194
31684839
33189681
18631588
26302318
48332742
62986928
84525198
11327054
17112210
87042535
94741480
28490744
45320462
34753665
60016070
86299046
2870201
89781813
41318039
24777281
3393892
23120978
83304158
25807802
54816289
76302422
7858144
7028860
23539753
45318477
73147461
72391648
90770550
67641266
64557643
15840461
33054342
59622418
18178727
75281542
54725022
51618727
65066124
12608017
26802667
14542081
65078677
97727556
30739962
63223831
14925393
55997100
67365235
40525663
32471259
24493973
34709072
26704678
77221132
10631337
85330006
46982259
39901236
41836646
61370391
46424015
8683221
19753961
95405220
8558682
16840965
3126835
18476456
47627635
91320007
86065610
50390023
97899851
86130295
39942835
72148121
93810020
7542190
29628186
29866464
84982203
16692368
71049516
93472762
40789384
62853565
51666461
9625853
35698756
7778549
98308428
70808726
50566649
86374984
1553188
90643089
43699619
94412770
52859372
67927690
43704193
37159787
52397507
48707944
69510076
71156921
70583462
54926732
33108108
20317612
37711309
85189520
32191517
57466427
43678346
21099892
1690705
70595529
14111307
54877377
90152696
66741133
77676223
1420363
41970144
95495908
87005587
22836489
71233717
73718500
51744741
89159565
37738898
2359750
30431377
83240081
89039278
64525529
5658895
8057758
24373208
62055671
33559558
48221893
26362985
70478571
2224131
92810712
51243209
74637915
47291514
94992258
20186703
46627940
60928847
88205334
43956892
51590590
25324435
5258610
77939345
41646631
66121140
32918626
620227
97298410
18632036
96711817
32404426
58486217
22714901
54099060
77803195
32434716
96005657
10794439
39226403
21351612
99363671
87224610
47091527
10805642
71311488
35390124
55684706
18171875
684447
56701899
65676826
98750232
2746575
31508726
35130399
99629766
14430951
92075373
34831635
63925537
59723169
31694326
19235702
85469545
3726041
60810029
51143171
22164669
25588551
93255918
40653491
83549423
48813018
40546135
11407835
48543284
19238588
28954897
71072974
50334797
1851595
31065768
62117589
34570467
4444153
91683066
10868446
46828510
38166001
27835236
56623468
11538524
49095866
28969796
18143311
87954179
42919677
15540409
61905977
67801419
88740588
96749849
99037708
30587906
69595857
85681504
88253777
57924766
73300469
8531227
74296767
12632324
25151149
72694144
35979101
9302657
63186504
15932803
47467554
2056444
25142252
36672862
6410741
17377403
64220975
64824836
69610781
11628675
13263190
60775978
91434261
34044572
47597639
88969920
25862640
54984179
53022721
16943502
48606111
84919505
60988907
92655162
64112913
54339566
68786153
39539164
59465616
30138903
2459207
12532662
84804764
5765902
92752254
11363842
30647386
69842441
92408873
13869222
47160248
26716747
51219449
71230261
84501733
68959135
84096913
57395385
79919470
95814838
68179939
34215154
26792713
47028336
63701260
42651664
62257994
1979075
31059362
53283067
69140736
78546141
66478484
62006696
91299325
10041479
14581050
500924
2099981
40233636
3803076
78989177
27317558
30452098
86095875
13348709
10569058
16811090
70162786
32120435
19912430
29050721
13827823
27336767
35309514
37615176
206707
20761361
55965370
90609619
63052111
4959239
74663225
59498538
42647702
68485028
57766503
24437337
53992409
7638066
54768947
48430177
56759264
39442293
2174495
6792684
23398860
3618848
35988979
39809180
54705672
24547778
34076235
89154654
83680415
37926464
38970811
74626909
69743824
43773512
81255738
66241102
40928758
58093157
43557116
65591831
12251352
13901578
34914282
80406479
46891058
74261922
55497134
24454691
4574032
23098549
21709566
32223889
91020369
63623283
80678922
99697907
10181136
10380842
67507120
81325074
1795449
9026636
10174152
34260527
79755122
72966817
52853373
60303209
27081545
20061324
31017082
40037682
71809786
29913338
10198529
56059892
6416962
63322518
39351142
99333217
18402945
10458896
94854283
83504202
40940520
68565260
33219498
20798980
55522746
54067836
52374990
73121351
8470751
19465832
1465695
79384532
48853035
90928317
71614837
81789729
38328740
60908842
67522430
21620983
54250880
93271655
71668627
86154061
743213
35112593
42557701
74958426
5352747
4070637
80833616
30326037
4262805
53667563
7645517
13283563
17258646
63185287
27784604
50963770
31867513
98091378
30434439
11773563
72540559
29973724
80884838
18931309
90952669
7147472
46899975
1449041
4306413
92066184
90981754
57225133
92389133
18635906
13880479
66575711
65868943
35428487
421911
35659120
21095777
11392560
46866927
70112072
2805280
82587066
19899840
30713372
41831982
56805446
56367292
40282253
5725432
56517149
37919157
27292779
72589297
89294790
23712898
4175176
44546110
14790261
23122502
83394553
15483483
53821096
84201704
56813587
99990828
18691845
5810664
19880160
12581359
79854442
63446860
45286909
87959494
90309965
64886069
1660530
19561161
57888358
40969752
18649711
80391308
60410325
8235670
44491173
87865753
30607033
35063903
91458129
63103190
18974591
65408863
23600167
75477306
11184145
84128061
18123909
20890353
73834333
41493305
80052979
12963725
6060445
20555659
56415841
60914125
71229494
10403624
9579599
81830220
2725380
68009856
52533012
99289502
66316378
53130362
74365019
36461165
17095108
49231917
13404387
66447394
73531536
93651703
74131869
18847945
70821629
88641223
88386997
21338791
98370560
80220913
23689669
79286903
85463280
43973499
78637400
37683006
20808041
74135435
29390479
79925937
54724634
36329652
408291
44352008
56774023
70035583
31106930
47401784
49268672
49675267
39895826
15704057
92517653
6990760
37229060
88061908
85814691
56682216
97106482
39464062
66107300
33310962
93237673
99143691
50766671
31130186
32078474
20925696
19339451
29142244
7375888
81636306
89942472
32688876
26539715
47503935
20684358
35076720
60653623
31828988
24096330
95856888
37239005
79025700
28600940
97519993
25075725
12498909
48864900
41850259
23275955
63195136
32833868
47163471
4156743
87714261
38282847
33041606
51956010
22573952
62346699
10102709
70197820
672907
69965041
42641860
73407621
96366629
88658067
86086800
32995885
14880027
32147094
15560782
338464
74261078
68080918
62593698
51172378
17602187
35157206
27480128
73041378
77184522
68984864
48622565
95728091
37275804
97971
29404560
62619980
44198256
78633741
22079020
5241310
22964237
66721054
7249673
72138950
13101451
41395119
41802521
59882736
62161796
55833630
76395126
73075030
83301544
80413124
54531836
86320371
55481669
99987615
94582651
57308511
22439189
49050947
31669328
51753738
35562029
34028695
67485854
16398862
89330592
6601862
34703479
43393374
64440641
57836705
65565063
64900916
1162703
35850735
57715687
83713431
25636831
35806660
39067250
45098457
33049250
17557761
82767505
4515831
72655612
32825965
36764162
72725766
41664564
21942971
80028166
51579754
66138652
99944405
2715159
65070801
4141293
50614142
571731
95463903
58068449
6795417
64846847
85793352
71179430
30307089
11053140
9496197
19765886
29860463
22534645
57910277
78817207
50238895
29339083
11157722
16938685
964058
23566429
91579351
42758161
97886678
24781640
50726713
80114438
89486333
92295886
56697772
80275987
67834070
93475746
6474003
48111553
77032360
74793959
78515102
38299330
29632041
85796950
63874584
66266806
87356288
27655759
21475555
32021919
42901494
19886113
42049687
37004753
12583183
43164474
86788002
24256619
14671573
21612077
45531713
62758988
10909750
84903503
58502695
49515348
41081560
35592128
98274700
76835369
97381869
95784233
90404615
453042
39893890
59401296
32918107
91030806
48559794
11034449
74788560
50835477
7389611
14173641
89206308
75922114
33409806
76563286
52985539
8531998
16049828
10719859
22585198
90338574
91483368
92031770
74959559
10480584
34986903
85837483
4929378
69692438
97149500
20674789
91253200
983729
49045544
2979267
5423498
66396257
22949657
88136637
85329165
3887908
56523189
46210351
99511118
40857128
48027734
36294656
57264674
60592624
18962845
96622342
4033585
36586759
26965463
91753591
24919095
41370728
49501019
7582306
22131420
99897583
57230813
77900789
98760205
29712682
60835156
35122611
22684833
91566761
16840617
44663097
39802897
88598658
28817566
97274259
65665134
62668402
92323717
12155320
51401958
38194583
76612899
72538551
38728237
79978537
31355779
96079467
29901418
83619467
6209032
29420356
78979389
52577149
51451627
83505174
48863991
56455386
14986485
39923253
54776461
51598862
7596416
81653232
89011213
42486126
78279187
38073399
95837912
80156083
11266253
90626023
17261912
55529343
75397370
15459904
88824961
17664638
43189386
90405902
66876369
63075673
76727923
27110057
72229033
91186798
76973664
72916497
16657111
35682504
3614308
37662563
44416992
13580946
93349686
1073604
61541859
54709192
89451751
92346419
13142350
25689267
72156302
29176984
83459924
35558441
14849515
69892014
92911919
77423329
32365033
97261030
34726960
53474218
78728791
40747400
69737877
73166729
88705202
39546662
78658771
48199598
25883367
57662076
42415817
71605316
65560604
32782329
26496503
42685517
31261160
3583050
44721541
32133325
78073024
83786338
85565268
80397364
18300697
93930202
81332051
12431366
9070367
96965448
24740966
102694
98145346
73182582
25793343
96604899
50825012
86797108
63468024
44438898
52272146
59854085
13417132
95392632
98265496
92305088
67983010
26501676
92337854
54264466
86086263
98476323
20314259
42189485
67668211
56246969
90021202
49876207
99550200
78878437
59718426
87871945
63857995
85416015
91776582
45482568
81219561
45226869
14234133
94220504
99201566
83931655
66930454
60820848
18072513
67778201
24066114
97268284
15520970
42557703
30210539
50380077
26433140
15691564
55367454
83287623
24358744
28113623
41816726
16142449
75694503
48413279
88702279
72612730
57959225
45591117
63121437
65781101
41940436
58317032
84586341
21934345
47890786
8752730
50935477
92378458
60545273
91330920
99781278
88823778
88467524
83560853
54922146
41842841
76271783
62568434
2254984
68546876
33577238
7486865
2294393
3854617
82753048
36603495
68339870
80463697
78186584
96230538
295479
24125194
39323284
97953148
57749441
10344818
14102769
36421839
97397956
48612159
13465140
738331
58058366
3100968
8200103
49605904
3451632
82427767
57569671
64286519
49373963
84536371
56308036
84658602
47480668
1843379
87070274
98461338
43036472
15549
22275847
65016998
99358468
63358691
43815133
41037196
20431385
48206058
60479362
33025107
81320014
88260023
9767492
19951706
79822280
78674451
98482261
49013605
57567917
80428990
85729976
23887644
82966755
79232962
22057707
457832
48260653
11101725
93498310
58551886
49675822
52871271
88903166
81633197
99201822
22567389
96040939
42910376
16726713
76141605
41270391
9535983
91160302
68563312
77619926
91179956
60696237
31625268
34656532
63173456
56978184
54315255
49863507
69128209
67470712
96960548
77374790
43178907
38056254
12529443
7695517
71760435
31482909
36400746
64221749
17810963
43233095
97351622
16141704
68905336
46138430
65732036
72944894
49391061
486219
3618463
95602677
41824202
95519162
16436905
10270323
36407985
81382047
39401116
96565707
60431914
31127782
37721785
16864944
85163045
27006477
96286784
85699795
89532532
39622716
63138701
25335630
55846626
43393574
14119323
50137945
75234846
49845998
11872871
31721972
97634041
1289387
79333480
27874104
74284432
83802250
1148848
89309522
25215425
10351699
11236706
63999278
13772660
23735953
19426791
30391038
53871412
85009830
5504685
18868582
44541285
342050
82813680
83976552
24274560
10051402
69804185
43269498
426128
91232143
91584478
37674747
81522753
21635637
24344806
31460679
12319154
18726561
18562987
91247966
10633159
11824288
99047863
64275155
93566457
6196225
45004558
28271358
94166934
4546255
12059299
75009540
23162321
92883848
63917274
72370356
25357379
6597264
70815514
84142697
93944487
32905919
29505249
40857604
68160130
16790595
40475309
68490714
27786144
50832171
26756538
59096555
71601440
60613500
78482053
51459574
59381575
48575383
73699627
20699572
51207095
47621526
80470517
64662405
70650144
19680236
80951464
62348156
64607322
52267534
19228057
52575267
95015685
97737057
85053184
88089273
60300355
36841820
35508322
62612894
44047271
71426704
77073271
21189857
68500323
69659772
30650764
45549195
49785809
21225099
6813408
82361091
8782789
7601632
23422436
94246855
75422051
9944996
82777992
81827635
26225808
49352785
68832022
68256997
1923093
42889092
6385485
59001640
82692254
88317350
90430104
20065269
42141978
59681364
61612979
30273853
98223571
62070729
94961325
61268287
97192222
85345717
25414554
89852073
23759325
31702477
54618178
42295014
64337075
72746398
46602611
85246256
59739703
62266965
67934447
6896127
68911787
13046043
6608692
65779825
50390555
23392750
71127858
17260648
22478228
5463178
12968097
58818932
7231808
77930525
61263368
1515892
49672261
22343861
13308187
1631167
27305357
98092497
45219829
4390720
99942076
5530670
72162170
87111664
54045713
4295221
87831759
24896262
58952978
89836520
82862127
47949264
9842052
53408555
43028555
77876125
1211619
54168424
35220451
62305104
54321277
76377256
70181177
88887418
68677241
78604238
53743640
92417674
24397775
21941095
84678487
85493201
2920146
35078601
39911329
22960427
18761616
36721856
79729844
30019455
81451478
15897094
3025281
47529481
30289185
59429761
5593622
80324386
23551510
20000321
84644655
60765283
16042379
69326180
2899068
54550029
92555666
52691640
42603051
30894293
80789938
77636704
2910688
55414939
26633705
77776314
85439688
67272708
70521691
89889681
75801709
35329229
27959495
75082024
37158898
33882769
23228216
66414302
33527845
39348799
78736165
39305761
48850156
14712317
10746891
29695843
69618327
79073472
23752676
60232545
22532904
17689015
89317350
69756259
69605519
51777577
21788125
50271300
54654787
56257770
38960675
99680596
25317189
91603599
48004340
92809944
24636929
40949775
28323655
76958497
32310537
4578636
85920073
11718542
63045276
68111762
40807283
34120368
66880283
21018923
71287777
20506585
41782473
97564519
51103354
75251918
57850678
21334555
16706755
41663537
23098086
63838873
79726145
59226123
50668302
70858149
30693379
39849085
33546312
77341515
84251702
16071218
64151990
74420246
59210523
92952376
34363951
56729486
83299958
54567026
96264333
49911017
31438096
21758181
24699858
65658800
40734343
21550156
94497261
76434833
65755192
1079595
97730689
11382138
92782538
91767729
91727701
90001315
6070400
62681974
9996806
97050877
22252919
19729419
61595891
32105277
7217329
49193370
50972686
93780381
75573581
13315375
63638883
39250188
7243681
56230344
95519564
95335677
87443630
93817939
60314744
16323035
81173455
44239291
38950002
75013322
31469598
33123753
79992791
92732584
1977613
36833009
15810759
29674422
32665883
54061103
80576051
94216398
93829018
38535216
12433609
14577493
17101512
75512389
8521435
76113025
38380146
33222046
33138188
72605580
88184597
9391083
24676971
97857805
56932803
56123726
16956347
42956503
33990687
55115605
20338300
62268739
28060837
86747628
10080799
44453479
55010279
34672567
60140871
85525903
48714314
76379268
214589
88558571
16880188
57182273
38360794
79143207
52341174
23900305
5337614
54775724
11341564
68405535
37165397
87676495
35231746
16290942
89401535
62745639
11330389
64027991
1295135
8960204
92593562
56321034
43782354
989927
144633
22876671
91756230
21504680
83349717
32025612
31930710
96842555
94058228
54494807
25195845
7427843
84157844
73783828
96697265
6740535
42915767
18118804
62190222
74533563
46698695
35293843
19134991
20869296
98552129
66219400
60425734
72128532
52586302
29747342
27706929
9626273
31203520
79936682
67839826
10253247
399389
96973070
67637822
99042398
38552574
30013421
65871442
57926366
83431221
84818851
19100428
67148940
14976589
82342572
18291602
69095228
20338068
8281451
38010798
48692937
62020527
30480233
76714160
13545220
10768427
20119074
72612415
27615228
8629542
35251661
89028368
38926805
60315447
52284615
9927065
70552442
67889024
47813545
87163228
63913021
41831887
52472302
14373500
39645152
4068790
63171275
78918279
50887236
90963035
64937742
65053874
62206850
63018517
190268
57145435
41554615
88517967
93527213
42975696
7332197
10570048
99598183
61411341
31497447
85474293
42583684
78402155
75143046
7545853
8662699
50461158
2462768
85506480
67137920
94928715
9924275
52205582
76997103
16844872
93753250
69694153
90814301
76090498
84638257
69688368
29864072
76920527
35531838
77889254
37115570
57975798
49696243
60384972
6286646
35676174
24232282
53032741
53295625
87008277
30363933
21794317
88199587
21352759
60575518
60918306
3024316
13301257
49426822
85145391
93405434
94998480
58823363
69622863
18254741
1693504
41999384
63727108
97833347
46727484
18819529
4428203
66346489
26956146
14627221
12328776
41606672
74731856
84803946
53000551
77496334
21802338
18176368
97913414
67203241
98353571
66576369
15211310
94960358
9322138
62418213
12379797
91179979
34497879
83444040
65318378
80469690
76390359
44214331
74730653
64202865
3685917
19068837
27244667
95183003
2046667
5383648
41885142
13609635
83882290
29554057
84118488
6939209
12908206
33397393
14020545
67541465
67622306
46199474
31763054
7237628
4650947
5393627
98470638
84243129
96165867
28022936
18182109
56300372
95272438
86305126
88058481
1049100
58279293
96488910
58741184
8351241
55279769
81087636
24587849
22616458
73169632
57055452
18333053
12906834
32066933
2458149
34373322
53646922
97448472
1800889
22143271
93595260
3469289
66928073
7863094
44477472
84436599
38139687
82508404
18152696
69706156
47773807
72309042
15736287
72310080
16705946
37758883
86533627
20474446
61382138
41878819
92766091
27270326
11407894
83795047
60954745
64799861
95946179
24719922
54048563
34933784
2393471
85994042
34063171
63261496
76215699
43078116
61225730
44926791
93503271
25820084
38740140
65783371
26185345
16306747
33796016
18211659
82969612
2398715
81802944
27068153
99500512
10788396
92610711
31310343
54215506
96444032
54188045
27609981
24126395
13254015
40858297
27846514
80732491
14718956
41064578
7368812
77307903
33812539
3190275
97408760
79863553
84277013
17434641
17763970
69726511
16867529
29944557
8400287
84941746
85255940
12817159
88388158
63641030
85354373
95104765
34021216
87144324
14156532
84491875
68955186
45316821
18567228
92490146
30764510
61171194
94264155
93161687
18846493
29639063
39547126
32314457
21597049
94755005
98790810
90822874
24899524
57836310
67768768
52834803
96473722
27429724
98590141
63328603
18956279
36404808
74797441
69033969
69287785
50330165
27228741
70044718
26659344
13347553
85562
51260636
69410564
85184759
21879237
88737105
34319905
549484
70833359
27487194
66958340
93807061
15488750
48893822
85891558
94806484
75805126
26079882
83122737
75369222
2700270
18937106
95889809
33229251
29268984
57720012
12537732
82462470
5084998
39046073
97619708
57122866
77398583
76450702
68623489
83766682
42951850
97620139
40993794
6826012
58524808
96384516
81734436
14143900
12392537
37282108
65603111
40749790
57580810
53638894
39353063
16772864
80535169
11060078
69707862
58387313
60489320
81571712
20747856
64574933
82174759
1704430
22938482
21344474
82166766
10005975
44073585
35348443
35569966
3953728
88742823
82199714
76005000
70793202
33956371
85300237
34127390
40017624
54680398
61743108
94193743
37171642
30894822
68226111
44453156
68359267
56012495
34385239
84438153
25350162
27170315
24727080
16227523
39570515
30933739
62807199
63375878
3485217
90565997
75296932
70019000
73098819
43999234
82060071
19143312
41749173
37567796
27167646
96986892
36110274
45499431
13346539
66682630
89329675
45817777
34428035
704181
11689710
61216997
41005993
69279847
32568609
5613656
10749834
15269308
94427682
83868728
55506854
74228789
29527903
36261073
46085735
35302989
75029264
40347623
48199336
7232265
94342305
4038323
68213360
75425985
18435792
3259183
25628485
84400647
63249089
38458614
97346873
86818539
90648307
31172349
32222280
64245180
80190611
61313554
40888763
34055475
46943649
14595455
56170599
33437625
82548483
74266496
18148749
68126385
35586946
91544092
47908962
52504471
71379901
8953154
9338905
62485755
789491
3775714
20587337
1629862
72713727
86712527
21220202
21467448
75378378
33575911
51493578
46222620
13925219
23701010
1593182
65252521
6413462
54345379
60065209
53538843
47937394
95884897
8002063
46087270
71062141
51580665
32697887
42514459
67629715
66096906
72750201
87336541
69251859
3795237
32919109
83974129
24059318
64073684
98411579
6133537
2818994
67659078
78460508
69269832
94279272
19173983
23574766
16135688
62534337
78989434
11142562
21325044
34953334
59851933
5176768
5279401
88476356
77341291
8432996
38791744
59928423
22447293
45965474
67481003
70444348
18170420
81437895
1162964
28027489
30102342
8456865
64247298
97199004
60112823
67360139
89616633
15612600
49048833
40938176
50912311
64618807
99006130
76170235
74298262
19721731
25919314
7657664
31325503
93995769
12119797
78993498
37344693
16750679
3443823
76016236
98645177
54901463
23416015
13224447
33859034
3760588
77116791
43103244
38025001
70727443
26519571
54717772
58526122
11383766
96744446
39300422
50662746
5852972
81876703
69780037
67912344
82379501
57946221
92991611
22054387
33285316
66891371
27769552
14259783
9680812
69693156
57177355
24307535
68167501
43883852
83908450
98939722
12270753
58086133
23727239
60178923
18676061
66299945
65561899
73123773
8372205
70422805
4521539
74602617
1314908
93013176
13323813
44583646
86408016
21674905
12112399
70463095
30110917
66540375
60351928
84834258
42098816
9278216
1676204
32662017
20569400
17836044
4182535
62019451
45546391
9164974
94465276
74001104
93655230
27745339
8213944
72007707
59181393
18158154
91590606
64306234
17042546
43036926
59558052
42640158
57116706
57660494
79370505
23981280
39254633
42307933
21517499
82580953
34239642
69571049
39428153
1161424
91841565
54057988
48799923
93699527
91727843
38620910
64033746
41621989
21013537
40756101
33483690
37219682
59947789
61814666
81083430
85887505
53089166
81922962
81293123
77629789
63501065
89694153
39154573
82743699
17814510
63226301
4931801
25894659
